255 255 255 255 255 255 255 255 255 255 255 255 255 255 255 255
255 255 255 255 255 255  80   0   0  80 255 255 255 255 255 255
255 255 255 255   0   0 255   0   0 255   0   0 255 255 255 255
255 255 255   0   0 255 255   0   0 255 255   0   0 255 255 255
255 255   0   0   0   0   0   0   0   0   0   0   0   0 255 255
255 255   0 255   0   0 255 143 143 255 255   0 255   0 255 255
255  80 255 255 255 255   0 255 255   0 255 255 255 255  80 255
255   0   0   0 255 143 255   0   0 255 143   0   0   0   0 255
255   0   0   0 255 143 255   0   0 255 143   0   0   0   0 255
255  80 255 255   0 255   0 255 255   0 255   0 255 255  80 255
255 255   0 255   0 255 255 143 143 255   0   0 255   0 255 255
255 255   0   0   0   0 255   0   0   0   0   0   0   0 255 255
255 255 255   0   0 255 255   0   0 255 255   0   0 255 255 255
255 255 255 255   0   0 255   0   0 255   0   0 255 255 255 255
255 255 255 255 255 255  80   0   0  80 255 255 255 255 255 255
255 255 255 255 255 255 255 255 255 255 255 255 255 255 255 255
255 255 255 255 255 255 255 255 255 255 255 255 255 255 255 255
255 255 255 255 255 255  80   0   0  80 255 255 255 255 255 255
255 255 255 255   0   0 255   0   0 255   0   0 255 255 255 255
255 255 255   0   0 255 255   0   0 255 255   0   0 255 255 255
255 255   0   0   0   0   0   0   0   0   0   0   0   0 255 255
255 255   0 255   0   0 255 143 143 255 255   0 255   0 255 255
255  80 255 255 255 255   0 255 255   0 255 255 255 255  80 255
255   0   0   0 255 143 255   0   0 255 143   0   0   0   0 255
255   0   0   0 255 143 255   0   0 255 143   0   0   0   0 255
255  80 255 255   0 255   0 255 255   0 255   0 255 255  80 255
255 255   0 255   0 255 255 143 143 255   0   0 255   0 255 255
255 255   0   0   0   0 255   0   0   0   0   0   0   0 255 255
255 255 255   0   0 255 255   0   0 255 255   0   0 255 255 255
255 255 255 255   0   0 255   0   0 255   0   0 255 255 255 255
255 255 255 255 255 255  80   0   0  80 255 255 255 255 255 255
255 255 255 255 255 255 255 255 255 255 255 255 255 255 255 255
255 255 255 255 255 255 255 255 255 255 255 255 255 255 255 255
255 255 255 255 255 255  80   0   0  80 255 255 255 255 255 255
255 255 255 255   0   0 255   0   0 255   0   0 255 255 255 255
255 255 255   0   0 255 255   0   0 255 255   0   0 255 255 255
255 255   0   0   0   0   0   0   0   0   0   0   0   0 255 255
255 255   0 255   0   0 255 143 143 255 255   0 255   0 255 255
255  80 255 255 255 255   0 255 255   0 255 255 255 255  80 255
255   0   0   0 255 143 255   0   0 255 143   0   0   0   0 255
255   0   0   0 255 143 255   0   0 255 143   0   0   0   0 255
255  80 255 255   0 255   0 255 255   0 255   0 255 255  80 255
255 255   0 255   0 255 255 143 143 255   0   0 255   0 255 255
255 255   0   0   0   0 255   0   0   0   0   0   0   0 255 255
255 255 255   0   0 255 255   0   0 255 255   0   0 255 255 255
255 255 255 255   0   0 255   0   0 255   0   0 255 255 255 255
255 255 255 255 255 255  80   0   0  80 255 255 255 255 255 255
255 255 255 255 255 255 255 255 255 255 255 255 255 255 255 255

255 255 255 255 255 255 255 255 255 255 255 255 255 255 255 255
255 255 255 255 247 205 129  79  79 129 205 247 255 255 255 255
255 255 255 236  73  59 138  10  10 138  59  73 236 255 255 255
255 255 236  45  21 206 231  44  38 227 206  21  45 236 255 255
255 247  73  21   6 118 176  82  39  88  58   2  20  73 247 255
255 205  59 206 118 128 154 127 122 136   7  56 205  59 205 255
255 130 138 231 128 148  79 116 115  77 134  88 228 138 129 255
255  79  11  45  84 128 117  89  89 115 123  39  39  10  79 255
255  79  10  38  40 124 117  88  89 114 125  80  42   9  79 255
255 130 137 227  87 138  79 116 115  78 163 227 230 137 129 255
255 205  59 207  58  16 158 126 125 146 132 133 206  59 205 255
255 247  73  22   2  96 217 129 127 104 116   5  21  73 247 255
255 255 236  45  21 206 230  74  73 230 206  21  45 236 255 255
255 255 255 236  73  59 138  11  10 138  59  73 236 255 255 255
255 255 255 255 247 205 130  79  79 130 205 247 255 255 255 255
255 255 255 255 255 255 255 255 255 255 255 255 255 255 255 255
255 255 255 255 255 255 255 255 255 255 255 255 255 255 255 255
255 255 255 255 247 205 129  79  79 129 205 247 255 255 255 255
255 255 255 236  73  59 138  10  10 138  59  73 236 255 255 255
255 255 236  45  21 206 231  44  38 227 206  21  45 236 255 255
255 247  73  21   6 118 176  82  39  88  58   2  20  73 247 255
255 205  59 206 118 128 154 127 122 136   7  56 205  59 205 255
255 130 138 231 128 148  79 116 115  77 134  88 228 138 129 255
255  79  11  45  84 128 117  89  89 115 123  39  39  10  79 255
255  79  10  38  40 124 117  88  89 114 125  80  42   9  79 255
255 130 137 227  87 138  79 116 115  78 163 227 230 137 129 255
255 205  59 207  58  16 158 126 125 146 132 133 206  59 205 255
255 247  73  22   2  96 217 129 127 104 116   5  21  73 247 255
255 255 236  45  21 206 230  74  73 230 206  21  45 236 255 255
255 255 255 236  73  59 138  11  10 138  59  73 236 255 255 255
255 255 255 255 247 205 130  79  79 130 205 247 255 255 255 255
255 255 255 255 255 255 255 255 255 255 255 255 255 255 255 255
255 255 255 255 255 255 255 255 255 255 255 255 255 255 255 255
255 255 255 255 247 205 129  79  79 129 205 247 255 255 255 255
255 255 255 236  73  59 138  10  10 138  59  73 236 255 255 255
255 255 236  45  21 206 231  44  38 227 206  21  45 236 255 255
255 247  73  21   6 118 176  82  39  88  58   2  20  73 247 255
255 205  59 206 118 128 154 127 122 136   7  56 205  59 205 255
255 130 138 231 128 148  79 116 115  77 134  88 228 138 129 255
255  79  11  45  84 128 117  89  89 115 123  39  39  10  79 255
255  79  10  38  40 124 117  88  89 114 125  80  42   9  79 255
255 130 137 227  87 138  79 116 115  78 163 227 230 137 129 255
255 205  59 207  58  16 158 126 125 146 132 133 206  59 205 255
255 247  73  22   2  96 217 129 127 104 116   5  21  73 247 255
255 255 236  45  21 206 230  74  73 230 206  21  45 236 255 255
255 255 255 236  73  59 138  11  10 138  59  73 236 255 255 255
255 255 255 255 247 205 130  79  79 130 205 247 255 255 255 255
255 255 255 255 255 255 255 255 255 255 255 255 255 255 255 255

255 255 255 255 255 255 255 255 255 255 255 255 255 255 255 255
255 255 255 255 247 205 129  79  79 129 205 247 255 255 255 255
255 255 255 236  73  59 138  10   9 137  59  73 236 255 255 255
255 255 236  45  20 205 228  39  42 230 206  21  45 236 255 255
255 247  73  21   2  56  88  39  80 227 133   5  21  73 247 255
255 205  59 206  58   7 134 123 125 163 132 116 206  59 205 255
255 129 138 227  88 136  77 115 114  78 146 104 230 138 130 255
255  79  10  38  39 122 115  89  89 115 125 127  73  10  79 255
255  79  10  44  82 127 116  89  88 116 126 129  74  11  79 255
255 129 138 231 176 154  79 117 117  79 158 217 230 138 130 255
255 205  59 206 118 128 148 128 124 138  16  96 206  59 205 255
255 247  73  21   6 118 128  84  40  87  58   2  21  73 247 255
255 255 236  45  21 206 231  45  38 227 207  22  45 236 255 255
255 255 255 236  73  59 138  11  10 137  59  73 236 255 255 255
255 255 255 255 247 205 130  79  79 130 205 247 255 255 255 255
255 255 255 255 255 255 255 255 255 255 255 255 255 255 255 255
255 255 255 255 255 255 255 255 255 255 255 255 255 255 255 255
255 255 255 255 247 205 129  79  79 129 205 247 255 255 255 255
255 255 255 236  73  59 138  10   9 137  59  73 236 255 255 255
255 255 236  45  20 205 228  39  42 230 206  21  45 236 255 255
255 247  73  21   2  56  88  39  80 227 133   5  21  73 247 255
255 205  59 206  58   7 134 123 125 163 132 116 206  59 205 255
255 129 138 227  88 136  77 115 114  78 146 104 230 138 130 255
255  79  10  38  39 122 115  89  89 115 125 127  73  10  79 255
255  79  10  44  82 127 116  89  88 116 126 129  74  11  79 255
255 129 138 231 176 154  79 117 117  79 158 217 230 138 130 255
255 205  59 206 118 128 148 128 124 138  16  96 206  59 205 255
255 247  73  21   6 118 128  84  40  87  58   2  21  73 247 255
255 255 236  45  21 206 231  45  38 227 207  22  45 236 255 255
255 255 255 236  73  59 138  11  10 137  59  73 236 255 255 255
255 255 255 255 247 205 130  79  79 130 205 247 255 255 255 255
255 255 255 255 255 255 255 255 255 255 255 255 255 255 255 255
255 255 255 255 255 255 255 255 255 255 255 255 255 255 255 255
255 255 255 255 247 205 129  79  79 129 205 247 255 255 255 255
255 255 255 236  73  59 138  10   9 137  59  73 236 255 255 255
255 255 236  45  20 205 228  39  42 230 206  21  45 236 255 255
255 247  73  21   2  56  88  39  80 227 133   5  21  73 247 255
255 205  59 206  58   7 134 123 125 163 132 116 206  59 205 255
255 129 138 227  88 136  77 115 114  78 146 104 230 138 130 255
255  79  10  38  39 122 115  89  89 115 125 127  73  10  79 255
255  79  10  44  82 127 116  89  88 116 126 129  74  11  79 255
255 129 138 231 176 154  79 117 117  79 158 217 230 138 130 255
255 205  59 206 118 128 148 128 124 138  16  96 206  59 205 255
255 247  73  21   6 118 128  84  40  87  58   2  21  73 247 255
255 255 236  45  21 206 231  45  38 227 207  22  45 236 255 255
255 255 255 236  73  59 138  11  10 137  59  73 236 255 255 255
255 255 255 255 247 205 130  79  79 130 205 247 255 255 255 255
255 255 255 255 255 255 255 255 255 255 255 255 255 255 255 255

255 255 255 255 255 255 255 255 255 255 255 255 255 255 255 255
255 255 255 255 247 205 130  79  79 130 205 247 255 255 255 255
255 255 255 236  73  59 138  10  11 138  59  73 236 255 255 255
255 255 236  45  21 206 230  73  74 230 206  21  45 236 255 255
255 247  73  21   5 116 104 127 129 217  96   2  22  73 247 255
255 205  59 206 133 132 146 125 126 158  16  58 207  59 205 255
255 129 137 230 227 163  78 115 116  79 138  87 227 137 130 255
255  79   9  42  80 125 114  89  88 117 124  40  38  10  79 255
255  79  10  39  39 123 115  89  89 117 128  84  45  11  79 255
255 129 138 228  88 134  77 115 116  79 148 128 231 138 130 255
255 205  59 205  56   7 136 122 127 154 128 118 206  59 205 255
255 247  73  20   2  58  88  39  82 176 118   6  21  73 247 255
255 255 236  45  21 206 227  38  44 231 206  21  45 236 255 255
255 255 255 236  73  59 138  10  10 138  59  73 236 255 255 255
255 255 255 255 247 205 129  79  79 129 205 247 255 255 255 255
255 255 255 255 255 255 255 255 255 255 255 255 255 255 255 255
255 255 255 255 255 255 255 255 255 255 255 255 255 255 255 255
255 255 255 255 247 205 130  79  79 130 205 247 255 255 255 255
255 255 255 236  73  59 138  10  11 138  59  73 236 255 255 255
255 255 236  45  21 206 230  73  74 230 206  21  45 236 255 255
255 247  73  21   5 116 104 127 129 217  96   2  22  73 247 255
255 205  59 206 133 132 146 125 126 158  16  58 207  59 205 255
255 129 137 230 227 163  78 115 116  79 138  87 227 137 130 255
255  79   9  42  80 125 114  89  88 117 124  40  38  10  79 255
255  79  10  39  39 123 115  89  89 117 128  84  45  11  79 255
255 129 138 228  88 134  77 115 116  79 148 128 231 138 130 255
255 205  59 205  56   7 136 122 127 154 128 118 206  59 205 255
255 247  73  20   2  58  88  39  82 176 118   6  21  73 247 255
255 255 236  45  21 206 227  38  44 231 206  21  45 236 255 255
255 255 255 236  73  59 138  10  10 138  59  73 236 255 255 255
255 255 255 255 247 205 129  79  79 129 205 247 255 255 255 255
255 255 255 255 255 255 255 255 255 255 255 255 255 255 255 255
255 255 255 255 255 255 255 255 255 255 255 255 255 255 255 255
255 255 255 255 247 205 130  79  79 130 205 247 255 255 255 255
255 255 255 236  73  59 138  10  11 138  59  73 236 255 255 255
255 255 236  45  21 206 230  73  74 230 206  21  45 236 255 255
255 247  73  21   5 116 104 127 129 217  96   2  22  73 247 255
255 205  59 206 133 132 146 125 126 158  16  58 207  59 205 255
255 129 137 230 227 163  78 115 116  79 138  87 227 137 130 255
255  79   9  42  80 125 114  89  88 117 124  40  38  10  79 255
255  79  10  39  39 123 115  89  89 117 128  84  45  11  79 255
255 129 138 228  88 134  77 115 116  79 148 128 231 138 130 255
255 205  59 205  56   7 136 122 127 154 128 118 206  59 205 255
255 247  73  20   2  58  88  39  82 176 118   6  21  73 247 255
255 255 236  45  21 206 227  38  44 231 206  21  45 236 255 255
255 255 255 236  73  59 138  10  10 138  59  73 236 255 255 255
255 255 255 255 247 205 129  79  79 129 205 247 255 255 255 255
255 255 255 255 255 255 255 255 255 255 255 255 255 255 255 255
